2 20 0.83333
2 22 0.73585
2 48 0.00000
2 54 0.95238
2 83 0.62069
2 84 0.66667
2 110 0.77778
11 79 0.80000
11 104 0.96774
18 19 0.96154
20 22 0.96364
20 45 0.96667
20 48 0.88000
20 83 0.96104
20 84 0.94000
20 85 0.85714
20 106 0.91304
20 110 0.98305
20 122 0.72222
22 23 0.75000
22 45 0.93750
22 48 0.54545
22 83 0.95833
22 84 0.98810
22 85 0.94000
22 110 0.98462
25 90 0.84866
31 96 0.93548
33 102 0.91228
37 110 0.92857
45 83 1.00000
45 84 0.98913
45 106 0.93103
45 110 1.00000
48 112 0.77143
49 114 0.75000
49 115 0.93750
50 114 0.91667
50 115 0.93333
52 119 0.89474
54 55 0.60811
62 79 0.92308
78 79 0.88000
79 93 0.85714
79 95 1.00000
79 104 0.86364
83 84 0.92647
83 106 0.89286
83 110 0.97403
83 122 0.89474
84 85 0.91803
84 106 0.87879
84 110 0.97600
84 122 0.64000
85 110 0.97260
93 95 1.00000
93 97 0.97500
95 97 0.95455
95 114 0.72222
95 115 0.86364
106 110 0.91304
110 122 0.70588
114 115 0.95604
130 131 1.00000
130 133 0.96552
131 133 0.80000
134 137 0.77778
134 138 0.72727
134 142 0.33591
135 136 0.98370
137 138 0.32313
137 144 0.40000
138 144 0.38614
139 145 0.90260
140 141 0.67925
140 146 0.77778
141 146 0.84049
