3 16 0.75000
6 88 0.87879
6 179 0.96324
25 91 0.94382
25 165 0.89474
25 196 0.87500
39 73 0.82353
40 41 0.70588
40 43 0.62500
41 43 0.78788
43 72 0.56667
46 50 0.68966
73 77 0.27397
82 177 0.60465
84 86 0.93750
85 86 0.81633
88 179 0.85714
91 196 0.98780
98 119 0.78505
102 118 0.76471
112 203 0.96117
118 120 0.89655
131 132 0.44444
133 134 0.48000
135 136 0.89655
137 138 1.00000
137 141 0.96961
138 140 0.58824
138 141 0.88593
139 140 0.63889
139 145 0.80000
140 144 0.89474
140 145 0.94340
142 143 0.99532
144 145 0.88000
150 154 0.62500
151 156 0.57692
152 157 0.95337
153 155 0.96190
159 193 0.69137
160 194 0.69179
161 164 0.68750
161 195 0.99903
164 197 0.39665
164 198 0.39286
166 168 0.32349
166 169 0.28947
166 199 0.50000
168 169 0.82143
169 199 0.81707
169 200 0.62500
169 201 0.96154
169 202 0.56140
175 196 1.00000
176 178 0.82353
176 204 0.90502
178 205 0.87500
181 206 0.98829
181 208 0.89474
182 183 0.94022
183 210 0.77101
185 213 0.99910
188 217 0.64957
199 200 0.74122
199 201 0.57895
199 202 0.81481
201 202 0.78013
206 208 0.94444
214 216 0.93750
