1 3 0.83505
2 7 0.63934
5 6 0.63265
8 9 0.93665
8 10 0.81761
8 11 0.99588
8 12 0.85000
8 16 0.89855
8 18 0.99662
8 19 0.87143
8 20 0.96923
8 21 0.82609
8 22 0.81481
8 25 0.45122
8 26 0.93636
9 10 0.88501
9 11 0.97694
9 12 0.84375
9 13 0.92857
9 16 0.66667
9 18 0.89954
9 19 0.85286
9 20 0.92437
9 21 0.97059
9 22 0.92308
9 24 0.91892
9 26 0.80282
10 11 0.91667
10 12 0.75758
10 16 0.74074
10 18 0.80447
10 19 0.79276
10 20 0.92308
10 21 0.96491
10 22 0.63265
10 23 0.00000
10 25 0.45238
10 26 0.79412
11 12 0.99492
11 13 0.97561
11 16 0.87685
11 18 0.97904
11 19 0.97474
11 20 0.98765
11 21 0.97727
11 22 0.86851
11 24 0.97600
11 26 0.91049
12 13 0.96654
12 16 0.94737
12 19 0.89655
12 20 0.86143
12 21 0.86145
12 22 0.82096
12 23 0.40000
12 24 0.90685
13 14 0.56522
13 15 0.57895
13 19 0.80952
13 20 0.89109
13 21 0.91220
13 22 0.97253
13 23 0.80920
13 24 0.77872
14 15 0.57500
14 24 0.00000
15 22 0.88889
15 23 0.66667
15 27 0.75000
16 18 0.90244
16 19 0.89362
16 22 0.66197
16 25 0.46667
16 26 0.97324
17 27 0.94424
18 19 0.83333
18 20 0.91071
18 21 0.66667
18 22 0.63333
18 25 0.50000
18 26 0.90071
19 20 0.93548
19 21 0.94030
19 22 0.87500
19 24 0.87755
19 26 0.88182
20 21 0.78927
20 22 0.96569
20 24 0.92891
20 26 0.96970
21 22 0.91845
21 24 0.92181
21 26 0.96154
22 23 0.45652
22 24 0.96154
22 26 0.75325
23 24 0.69048
23 25 0.72222
25 26 0.82979
