0 1 0.92537
0 8 1.00000
1 8 1.00000
2 3 0.66133
2 4 0.85768
2 5 0.86111
2 6 0.89286
2 9 0.67610
2 10 0.71782
2 12 0.72414
2 13 0.87500
3 4 0.85118
3 5 0.96875
3 6 0.91304
3 9 0.72184
3 10 0.94188
3 12 0.83582
3 13 0.88235
4 5 0.94631
4 6 0.90000
4 9 0.69231
4 10 0.70132
4 12 0.92727
4 13 1.00000
5 6 0.98000
5 9 0.85593
5 10 0.96429
5 12 0.60000
5 13 0.94118
6 9 0.83784
6 10 0.72727
6 13 1.00000
7 11 0.65517
7 14 1.00000
9 10 0.56189
9 12 0.66667
9 13 1.00000
10 12 0.77778
10 13 0.90476
11 12 0.68966
11 14 0.91304
15 16 0.98246
