10 12 0.71429
22 23 0.90625
24 25 0.82979
24 26 0.90323
24 27 0.77778
24 31 0.58491
24 32 0.00000
24 33 1.00000
24 34 0.97778
24 35 0.92308
25 26 0.98450
25 27 0.97661
25 31 0.86157
25 33 0.96269
25 34 0.96532
25 35 0.99616
26 27 0.99284
26 31 0.97959
26 32 0.63710
26 33 0.90542
26 34 0.91427
26 35 0.98361
27 31 0.88889
27 32 0.94444
27 33 0.99725
27 34 1.00000
27 35 0.99719
28 36 0.95302
29 30 0.98958
31 33 0.98182
31 34 0.98750
31 35 0.99342
32 33 0.50000
32 34 0.73394
33 34 0.77173
33 35 0.96774
34 35 0.99160
47 51 0.00000
47 52 0.00000
48 49 0.72389
51 52 0.31633
65 66 0.56757
65 67 0.75000
65 68 0.85802
65 69 0.90909
65 71 0.69388
65 72 0.96226
66 67 0.54386
66 68 0.91837
66 69 0.72000
66 70 0.91892
66 71 0.88421
66 72 0.94737
67 68 0.85000
67 69 0.80645
67 70 0.79310
67 71 0.65517
67 72 0.85714
68 69 0.95062
68 70 0.88000
68 71 0.83019
68 72 0.96610
69 70 0.75000
69 71 0.91892
69 72 0.97210
70 71 0.81250
70 72 0.86207
71 72 0.91429
73 74 0.93103
73 80 0.96154
74 79 0.93333
74 80 0.88462
75 78 0.97826
76 77 0.91304
76 78 0.95181
77 78 1.00000
81 82 0.91954
