2 17 0.75000
2 73 0.87500
3 4 0.91354
3 6 0.92271
3 7 0.99262
3 8 0.94421
3 14 0.92323
3 15 0.90822
3 16 1.00000
3 17 1.00000
3 32 0.60714
3 33 0.93103
3 35 0.95455
4 7 0.99107
4 8 0.89208
4 9 0.96945
4 14 0.99390
4 15 0.89916
4 16 1.00000
4 17 1.00000
4 32 0.78261
4 33 0.78571
4 35 0.84615
4 37 0.80952
4 88 0.82500
5 42 0.95833
6 7 0.90498
6 8 1.00000
6 13 0.99645
6 14 0.92311
6 15 0.91376
7 8 0.97313
7 13 0.96970
7 14 0.90097
7 15 0.91282
7 16 1.00000
7 17 0.99057
7 32 0.62500
8 9 0.85955
8 14 0.97986
8 15 0.91800
8 16 0.99542
8 17 1.00000
8 32 0.66667
8 33 0.79012
8 35 0.87500
8 37 0.80769
8 88 0.87097
9 10 0.96648
9 16 0.95000
9 17 0.97778
9 18 0.98649
9 34 0.91667
10 11 0.87603
10 18 0.65426
11 18 0.52381
12 13 0.95510
12 23 0.61111
14 15 0.97801
14 16 0.99301
14 17 1.00000
14 33 0.89474
15 16 0.99492
15 17 1.00000
15 32 0.62857
15 33 0.97917
15 35 0.91667
15 88 0.92308
16 17 1.00000
16 32 0.67500
16 33 0.96939
16 35 0.85185
16 73 0.85000
16 88 1.00000
17 32 0.67500
17 33 0.92553
17 35 0.82609
17 73 0.94444
17 88 1.00000
20 21 0.73333
20 25 0.89888
20 26 0.98152
21 25 0.88571
21 26 0.87931
22 23 0.96471
22 24 0.78112
22 29 0.90476
23 24 0.74257
23 29 0.75000
24 30 0.84211
25 26 0.87143
32 33 1.00000
32 35 0.92857
32 73 0.76471
33 34 0.95238
33 35 0.86807
33 37 0.88889
33 88 0.84615
34 35 0.99219
34 50 0.74074
35 37 0.86111
35 51 0.73077
35 54 0.85000
35 66 0.58333
39 61 0.91429
50 51 0.99422
50 54 0.97143
51 52 0.86364
51 54 0.93357
51 66 0.88235
52 54 0.72414
54 66 0.86667
59 61 0.55357
62 63 0.58537
94 95 0.71734
