0 1 0.65385
0 16 0.93976
1 11 0.00000
1 16 0.62500
2 3 0.65517
2 4 0.51515
2 8 0.45503
2 9 0.43750
2 11 0.53333
2 15 0.70833
2 17 0.89741
2 18 0.76056
2 19 0.29032
2 28 0.57895
2 29 0.48387
2 36 0.50000
2 38 0.41176
2 39 0.40625
2 51 0.64706
2 52 0.36364
2 53 0.42424
2 61 0.49682
2 62 0.46429
3 4 0.97368
3 18 0.38525
3 38 0.65517
3 39 0.65854
3 62 0.66667
4 11 0.00000
4 18 0.62105
4 38 0.66667
4 39 0.70968
4 62 0.65000
6 7 0.46988
8 9 0.86258
8 10 0.92308
8 11 0.82353
8 15 0.53846
8 17 0.41667
8 18 0.61538
8 19 0.97794
8 21 0.45714
8 27 0.50000
8 28 0.44444
8 29 0.35593
8 36 0.57895
8 37 0.76471
8 38 0.47541
8 39 0.74194
8 42 0.62500
8 43 0.00000
8 44 0.64706
8 46 0.80000
8 48 0.40741
8 49 0.40000
8 51 0.48438
8 52 0.33028
8 53 0.32979
8 61 0.51429
8 62 0.49333
8 64 0.72222
8 66 0.68750
8 67 0.66667
8 73 0.00000
8 83 0.00000
9 11 0.75000
9 15 0.57500
9 17 0.41096
9 18 0.55556
9 19 0.75827
9 21 0.37037
9 27 0.66667
9 28 0.50000
9 29 0.37681
9 36 0.52632
9 37 0.50000
9 38 0.56863
9 39 0.61111
9 46 0.63158
9 48 0.50000
9 49 0.41935
9 51 0.40299
9 52 0.31579
9 53 0.40179
9 61 0.44785
9 62 0.40816
9 67 0.64706
9 73 0.00000
9 83 0.00000
11 36 0.59184
11 37 0.53125
11 39 0.00000
11 61 0.61111
12 13 0.00000
13 24 0.99940
14 21 0.57143
14 22 0.54545
14 27 0.71429
14 28 0.68421
14 29 0.00000
14 48 0.65000
14 49 0.81818
14 51 0.62500
14 53 0.60000
15 19 0.53333
15 21 0.63636
15 22 0.60870
15 27 0.50000
15 28 0.36842
15 29 0.45714
15 30 0.50000
15 31 0.00000
15 46 0.68750
15 48 0.38462
15 49 0.30612
15 51 0.40741
15 52 0.42169
15 53 0.31000
15 54 0.00000
15 61 0.00000
15 83 0.66667
15 84 0.82609
17 19 0.34158
17 28 0.00000
17 29 0.00000
17 38 0.00000
17 52 0.50000
17 53 0.00000
17 61 0.65487
18 38 0.75309
18 39 0.72277
18 62 0.79365
19 21 0.39394
19 27 0.57143
19 28 0.41667
19 29 0.40845
19 36 0.00000
19 37 0.66667
19 38 0.40909
19 39 0.46667
19 46 0.58065
19 48 0.52174
19 49 0.54167
19 51 0.45614
19 52 0.34188
19 53 0.45455
19 61 0.53378
19 62 0.61364
19 67 0.71429
19 73 0.73684
19 83 0.50000
21 22 0.50285
21 28 0.00000
21 29 0.00000
21 41 0.32759
21 42 0.52381
21 43 0.44068
21 44 0.46667
21 45 0.70000
21 46 0.42424
21 49 0.63636
21 51 0.47059
21 52 0.54545
21 53 0.00000
21 64 0.42857
21 65 0.40426
21 66 0.42000
21 67 0.41935
21 68 0.52500
21 69 0.49057
21 70 0.70833
21 71 0.70833
21 72 0.55882
21 73 0.36066
21 83 0.00000
22 41 0.43333
22 42 0.56667
22 43 0.46429
22 44 0.50000
22 45 0.47826
22 64 0.38235
22 65 0.45946
22 66 0.47059
22 67 0.48485
22 68 0.48276
22 69 0.45161
22 70 0.66667
22 71 0.52174
22 72 0.36364
22 73 0.50000
26 77 0.81818
27 28 0.47700
27 29 0.42222
27 30 0.61111
27 36 0.60377
27 37 0.72000
27 40 0.87342
27 41 0.55000
27 42 0.68000
27 43 0.60000
27 44 0.62500
27 48 0.53691
27 49 0.56264
27 51 0.50714
27 52 0.42073
27 53 0.31098
27 61 0.72222
27 63 0.93846
27 64 0.54167
27 65 0.60000
27 66 0.73684
27 67 0.75000
27 68 0.68421
27 69 0.65217
27 70 0.65217
27 71 0.60870
27 72 0.66667
27 73 0.50000
27 81 0.51282
27 82 0.56000
27 83 0.00000
28 29 0.47273
28 30 0.00000
28 36 0.82143
28 37 0.83333
28 40 0.71053
28 41 0.62500
28 42 0.53571
28 43 0.55556
28 44 0.69565
28 45 0.72222
28 48 0.99821
28 49 0.99942
28 51 0.42857
28 52 0.43925
28 53 0.46078
28 61 0.60000
28 63 0.72727
28 64 0.75000
28 65 0.60606
28 66 0.67857
28 67 0.66667
28 68 0.54054
28 69 0.50000
28 70 0.76190
28 71 0.60000
28 72 0.58065
28 73 0.58824
28 81 0.51613
28 82 0.55556
28 83 0.00000
29 30 0.70370
29 36 0.69811
29 37 0.68182
29 38 0.66667
29 39 0.00000
29 40 0.82609
29 42 0.64706
29 43 0.68750
29 44 0.70000
29 48 0.45455
29 49 0.47154
29 51 0.46392
29 52 0.35786
29 53 0.33832
29 61 0.61404
29 62 0.00000
29 63 0.65217
29 67 0.75000
29 68 0.70588
29 73 0.75000
29 81 0.80000
29 82 0.84615
29 83 0.52174
30 31 0.44828
30 32 0.48148
30 38 0.70000
30 39 0.69231
30 51 0.61905
30 52 0.42500
30 53 0.43750
30 54 0.35714
30 55 0.46429
30 61 0.00000
30 62 0.78947
30 83 0.58824
31 32 0.91291
31 54 0.96682
31 55 0.98698
32 54 0.82874
32 55 0.99873
33 56 0.99892
33 57 0.98468
34 35 0.95973
35 58 0.30583
36 37 1.00000
36 38 0.65217
36 39 0.55172
36 40 0.72500
36 43 0.64706
36 48 0.80000
36 49 0.76667
36 52 0.61905
36 53 0.52174
36 61 0.43810
36 62 0.50000
36 63 0.80000
36 64 0.68421
36 69 0.81250
36 70 0.62500
36 71 0.68750
36 81 0.57143
36 82 0.62500
37 38 0.60000
37 39 0.51429
37 40 0.70270
37 41 0.65000
37 42 0.70588
37 43 0.58824
37 48 0.66667
37 49 0.61538
37 51 0.68750
37 53 0.65000
37 61 0.42424
37 62 0.48148
37 63 0.82143
37 64 0.75000
37 65 0.61111
37 68 0.64706
37 72 0.75000
37 73 0.75000
37 82 0.00000
38 39 0.49093
38 46 0.70968
38 51 0.68571
38 52 0.47059
38 53 0.50000
38 61 0.67059
38 62 0.76322
39 46 0.78947
39 51 0.76190
39 52 0.62500
39 53 0.62500
39 61 0.66250
39 62 0.50996
39 83 0.62500
40 41 0.51163
40 42 0.41818
40 43 0.38776
40 44 0.36735
40 45 0.41026
40 48 0.66667
40 49 0.75000
40 51 0.62500
40 52 0.64706
40 61 0.68750
40 63 1.00000
40 64 0.39583
40 65 0.44231
40 66 0.51220
40 67 0.51064
40 68 0.32000
40 69 0.40385
40 70 0.50000
40 71 0.43137
40 72 0.37500
40 73 0.41176
40 81 0.56863
40 82 0.48718
40 83 0.61111
40 84 0.47826
41 42 0.97323
41 43 0.97153
41 44 0.98896
41 45 0.99353
41 46 0.48387
41 48 0.58621
41 49 0.56522
41 51 0.52174
41 63 0.45455
41 64 0.98754
41 65 0.99256
41 66 0.97830
41 67 0.97281
41 68 0.96800
41 69 0.97300
41 70 1.00000
41 71 0.99551
41 72 0.99025
41 73 0.42379
41 81 0.70370
41 83 0.45833
41 84 0.45455
42 43 0.91136
42 44 0.96139
42 45 1.00000
42 46 0.66667
42 48 0.68182
42 49 0.65217
42 51 0.63636
42 53 0.55556
42 61 0.55000
42 63 0.51163
42 64 0.96625
42 65 0.94451
42 66 0.97009
42 67 0.97051
42 68 0.95122
42 69 0.93160
42 70 1.00000
42 71 1.00000
42 72 1.00000
42 73 0.46124
42 81 0.66667
42 84 0.52174
43 44 0.97715
43 45 0.99860
43 46 0.68750
43 48 0.62500
43 49 0.45833
43 51 0.61538
43 53 0.61111
43 63 0.60000
43 64 0.97677
43 65 0.94106
43 66 0.97872
43 67 0.98722
43 68 0.95641
43 69 0.93592
43 70 0.99857
43 71 0.99729
43 72 1.00000
43 73 0.45576
43 81 0.62069
43 82 0.66667
43 83 0.52381
43 84 0.72000
44 45 1.00000
44 46 0.56250
44 48 0.53846
44 49 0.56522
44 51 0.80000
44 63 0.53846
44 64 0.96811
44 65 0.98298
44 66 0.98286
44 67 0.99722
44 68 0.98288
44 69 0.97449
44 70 0.99804
44 71 0.99803
44 72 1.00000
44 73 0.45726
44 81 0.75000
44 82 0.66667
44 83 0.66667
44 84 0.50000
45 49 0.62500
45 63 0.43243
45 64 0.99084
45 65 0.99044
45 66 0.99189
45 67 0.99798
45 68 0.99846
45 69 1.00000
45 70 0.99917
45 71 1.00000
45 72 1.00000
45 73 0.56863
46 51 0.61905
46 52 0.50000
46 53 0.79167
46 62 0.74194
46 63 0.72222
46 64 0.56667
46 65 0.54839
46 66 0.50000
46 67 0.58537
46 68 0.62500
46 69 0.57143
46 71 0.75000
46 72 0.83333
46 73 0.72549
46 83 0.49123
46 84 0.65455
48 49 0.99830
48 51 0.49057
48 52 0.46809
48 53 0.49398
48 61 0.61905
48 63 0.84375
48 64 0.62963
48 65 0.65517
48 66 0.63636
48 67 0.59259
48 68 0.61765
48 69 0.54839
48 70 0.76190
48 71 0.60000
48 72 0.51724
48 81 0.50000
48 82 0.66667
48 83 0.52632
48 84 0.58824
49 51 0.44444
49 52 0.47967
49 53 0.56122
49 61 0.52000
49 63 0.76471
49 64 0.64516
49 65 0.53846
49 66 0.51724
49 67 0.60714
49 68 0.67647
49 69 0.57143
49 70 0.55000
49 71 0.62963
49 72 0.50000
49 73 0.45455
49 81 0.48387
49 82 0.62963
49 83 0.63636
49 84 0.00000
51 52 0.49239
51 53 0.39412
51 61 0.80645
51 62 0.43750
51 63 0.68750
51 64 0.70000
51 65 0.65625
51 66 0.55814
51 67 0.61111
51 68 0.70833
51 69 0.57143
51 70 0.68750
51 71 0.73913
51 72 0.76471
51 73 0.64151
51 81 0.68750
51 83 0.50000
51 84 0.63158
52 53 0.99700
52 61 0.67901
52 62 0.35897
52 63 0.75000
52 65 0.45455
52 66 0.00000
52 67 0.00000
52 69 0.00000
52 73 0.62500
52 83 0.38983
52 84 0.43333
53 61 0.59596
53 62 0.70833
53 66 0.64706
53 67 0.00000
53 68 0.52381
53 69 0.60870
53 73 0.59091
53 83 0.54054
53 84 0.58333
54 55 0.93519
56 57 0.95892
59 60 0.48772
61 62 0.57377
61 63 0.58824
61 67 0.64706
61 68 0.00000
63 64 0.58065
63 65 0.50000
63 66 0.56250
63 67 0.56250
63 68 0.48718
63 69 0.41860
63 70 0.43750
63 71 0.42500
63 72 0.38235
63 73 0.50000
63 81 0.44828
63 82 0.52632
63 83 0.00000
63 84 0.00000
64 65 0.95612
64 66 0.96534
64 67 0.97366
64 68 0.95908
64 69 0.96673
64 70 0.99412
64 71 0.99133
64 72 0.99669
64 73 0.44322
64 81 0.75862
64 82 0.58824
64 83 0.00000
65 66 0.97456
65 67 0.97016
65 68 0.92308
65 69 0.92913
65 70 1.00000
65 71 0.99404
65 72 1.00000
65 73 0.44333
65 81 0.60870
65 82 0.83333
65 83 0.53571
65 84 0.63636
66 67 0.99274
66 68 0.96525
66 69 0.98807
66 70 1.00000
66 71 0.99323
66 72 0.99634
66 73 0.42296
66 81 0.65217
66 82 0.61111
66 83 0.37500
66 84 0.45833
67 68 0.95633
67 69 0.97492
67 70 0.99579
67 71 0.99570
67 72 0.99831
67 73 0.42478
67 81 0.61905
67 83 0.55556
67 84 0.41667
68 69 0.96811
68 70 0.99849
68 71 0.99840
68 72 0.99852
68 73 0.45312
68 81 0.80000
68 82 0.71429
68 83 0.45455
68 84 0.00000
69 70 1.00000
69 71 1.00000
69 72 1.00000
69 73 0.45017
69 81 0.84000
69 82 0.00000
69 83 0.60870
69 84 0.00000
70 71 1.00000
70 72 0.99913
70 73 0.50485
70 81 0.80000
71 72 0.99918
71 73 0.52475
71 81 0.84615
71 82 0.58824
72 73 0.48795
72 81 0.68421
73 81 0.57895
73 82 0.77778
73 83 0.42857
73 84 0.50000
74 75 0.92797
74 77 0.78947
74 78 0.43333
74 91 0.99531
74 92 0.99842
74 93 0.89333
74 94 0.95833
74 95 0.93750
74 96 0.61157
75 76 0.84896
75 77 0.82353
75 78 0.48726
75 79 0.67155
75 80 0.93548
75 91 0.80556
75 92 0.99948
75 93 0.98772
75 94 0.88688
75 95 0.96000
75 96 0.57623
76 77 0.99517
76 78 0.83333
76 79 0.84755
76 80 0.91355
76 91 0.81250
76 93 0.90602
76 94 0.96549
76 95 0.95139
76 96 0.75200
76 97 0.99628
76 98 0.99497
77 79 1.00000
77 80 0.99032
77 94 0.98661
77 95 0.92817
77 97 0.88599
77 98 0.91593
78 79 0.99479
78 80 0.95000
78 91 0.56667
78 92 0.41966
78 93 0.61268
78 94 0.78182
78 96 0.91901
78 97 0.87500
79 80 0.94005
79 92 0.74651
79 93 0.75310
79 94 0.68027
79 95 0.91336
79 96 0.96280
79 97 0.94277
79 98 0.92963
80 93 0.70103
80 94 0.83714
80 95 0.95588
80 96 0.92771
80 97 0.94795
80 98 0.95987
81 82 0.99677
81 83 0.40541
81 84 0.32353
82 83 0.43333
82 84 0.35000
83 84 0.98875
85 86 0.90000
85 88 0.75000
86 87 0.39083
86 88 0.38537
87 88 0.35023
89 90 0.63932
89 99 0.71040
90 99 0.75028
91 92 0.93168
91 93 0.76000
91 94 1.00000
91 95 0.82353
92 93 1.00000
92 94 1.00000
92 96 0.53991
93 94 0.94124
93 96 0.59714
94 95 0.94384
94 96 0.79785
94 97 0.98864
94 98 0.99071
95 97 0.93137
95 98 0.96730
96 97 0.91429
96 98 0.85000
97 98 0.96693
