0 5 0.54098
1 3 0.95238
2 3 0.99685
2 4 1.00000
3 4 0.91979
6 13 0.64706
6 16 0.66667
6 30 0.81250
7 8 0.89941
7 21 0.73016
7 22 0.60000
7 29 0.69565
7 33 0.61111
8 21 0.75000
8 22 0.61818
8 33 0.66667
9 24 0.00000
9 25 0.74074
10 11 0.58192
10 12 0.62791
10 15 0.93048
10 17 0.70968
10 18 0.60377
10 19 0.58182
10 20 0.98333
10 26 0.90436
10 27 0.92857
10 28 0.67857
11 12 0.99702
11 15 0.61856
11 17 0.54286
11 18 0.98780
11 19 0.96721
11 20 0.55882
11 26 0.42798
11 27 0.73684
12 15 0.78723
12 17 0.55738
12 18 1.00000
12 19 0.99127
12 20 0.62500
12 26 0.43678
12 27 0.83333
12 28 0.83333
14 21 0.80000
14 22 0.69231
14 23 0.84507
15 17 0.86559
15 18 0.51282
15 19 0.74359
15 20 0.90691
15 26 0.92823
15 27 0.61062
15 28 0.68182
16 30 0.73165
16 31 0.74780
16 32 0.53641
17 18 0.29050
17 19 0.29487
17 20 0.57416
17 26 0.79006
17 27 0.81900
18 19 0.99571
18 20 0.31818
18 26 0.54839
18 27 0.46939
19 20 0.33962
19 26 0.54945
19 27 0.51724
20 25 0.62500
20 26 0.88632
20 27 0.81848
21 22 0.82178
21 24 0.86364
21 25 0.63636
21 29 0.71277
21 33 0.65946
22 23 0.94059
22 29 0.00000
22 33 0.71233
24 25 0.98331
24 27 0.60000
25 27 0.59091
26 27 0.85455
26 28 0.57895
29 33 0.84314
30 31 0.90783
30 32 0.56209
31 32 0.46631
