0 2 0.86441
1 3 0.95652
1 4 0.66667
6 7 0.92308
6 8 0.88889
6 9 0.90909
6 11 0.92593
6 12 0.93750
6 15 1.00000
6 16 0.96000
6 17 0.92593
6 18 1.00000
6 19 0.86957
6 20 1.00000
7 8 0.90909
7 9 0.97436
7 11 0.98214
7 12 0.97778
7 15 0.96226
7 16 0.98182
7 17 1.00000
7 18 1.00000
7 19 0.96000
7 20 1.00000
8 9 0.73913
8 11 0.98507
8 12 0.87805
8 15 0.94444
8 16 0.81967
8 17 0.98361
8 18 0.95522
8 19 0.81481
8 20 0.96923
9 11 1.00000
9 12 0.96154
9 14 0.95000
9 15 1.00000
9 16 0.94340
9 17 1.00000
9 18 1.00000
9 19 0.90625
9 20 0.95238
10 13 0.96429
10 14 0.75862
11 12 0.98246
11 15 1.00000
11 16 1.00000
11 17 1.00000
11 18 1.00000
11 19 0.94444
11 20 1.00000
12 14 0.94872
12 15 1.00000
12 16 0.94737
12 17 1.00000
12 18 1.00000
12 19 0.91228
12 20 1.00000
14 16 0.83333
14 19 0.83784
15 16 0.96154
15 17 1.00000
15 18 1.00000
15 19 0.94444
15 20 1.00000
16 17 1.00000
16 18 0.98718
16 19 0.84848
16 20 0.96154
17 18 1.00000
17 19 0.91429
17 20 0.98148
18 19 0.91892
18 20 0.92857
19 20 0.94118
21 22 0.95851
23 24 1.00000
23 25 1.00000
23 26 0.99338
24 25 1.00000
24 26 0.99357
25 26 0.99448
27 28 0.90909
28 29 0.80357
30 31 0.98507
30 32 0.97468
31 32 0.94771
33 34 0.94776
35 43 0.90265
35 44 0.97906
35 45 0.99390
36 37 0.85185
38 46 0.98851
39 41 0.95833
39 47 0.92105
40 48 0.88000
41 47 0.83333
42 49 1.00000
43 44 0.91209
43 45 0.94286
44 45 0.98235
49 50 0.95000
