0 9 0.99895
0 10 0.80645
0 11 0.86667
0 42 0.98810
0 43 1.00000
1 36 0.66667
2 35 1.00000
3 39 0.78947
4 37 0.91304
5 6 0.98551
5 7 0.97368
5 8 1.00000
5 40 0.97826
6 7 0.91667
6 40 0.90909
7 8 0.87805
7 40 1.00000
8 40 0.94231
9 10 0.81928
9 11 0.81319
9 42 0.99394
9 43 0.99390
9 44 0.84211
10 11 1.00000
10 41 0.94286
10 42 0.89024
10 43 0.91667
10 44 0.98148
10 45 0.68421
11 42 0.90278
11 43 0.92222
11 44 0.94286
12 13 0.66667
14 22 0.89474
15 16 0.97333
15 17 0.87500
15 19 0.91304
15 20 0.97143
15 22 0.92000
15 46 0.95238
15 50 0.91304
15 51 0.93103
16 17 0.88889
16 19 0.84211
16 20 0.95455
16 46 0.98214
16 47 0.87500
16 49 0.90000
16 50 0.90000
16 52 0.96429
17 22 0.93548
17 46 0.93750
18 19 0.91667
18 22 0.95833
18 48 0.88235
18 49 0.97674
18 50 0.93333
18 52 0.88889
19 22 0.95000
19 46 1.00000
19 49 0.96000
19 50 0.96610
20 22 0.93182
20 46 0.89655
20 50 0.88000
20 51 0.82353
20 52 0.88000
21 51 1.00000
22 50 0.88235
22 51 0.95000
22 52 0.97917
22 60 0.95000
22 61 1.00000
23 53 0.87619
23 54 0.99543
24 55 0.90476
24 56 0.86667
25 26 0.74757
25 27 0.67925
26 27 0.94672
28 29 0.97849
28 57 0.89474
29 57 0.88496
30 58 0.90909
30 59 0.99209
31 32 0.97000
33 62 0.98718
34 67 1.00000
34 68 1.00000
34 69 0.97183
34 70 0.97537
37 38 0.94444
37 39 0.92857
38 39 1.00000
41 44 0.90909
42 43 0.98462
42 44 0.68750
46 50 0.92000
47 52 0.96000
49 50 0.91667
50 52 1.00000
51 52 0.92857
53 54 0.84472
55 56 0.89286
58 59 0.80000
63 64 0.96154
63 65 0.89744
64 65 0.98718
66 69 0.88889
67 68 1.00000
67 69 1.00000
67 70 1.00000
68 69 0.97778
68 70 0.98701
69 70 0.97368
